1751439807138
1751370227259
1751301019606
1751617640861
1751393062551
1751623950463
1751776594491
1751385904848
1751312167024
1751300382411
1751390440175
1751267862001
1751392299493
1751438076529
1751718757344
1751358905432
1751293831137
1751537309431
1751596030434
1751587219344
1751578038190
1751341844826
1751519853014
1751315765504
1751358114943
1751784528479
1751817383532
1751447480706
1751653217247
1751247547827
1751383007449
1751395285849
1751438201136
1751597954341
1751472965982
1751343475590
1751706514840
1751657939947
1751446046151
1751481952185
1751321728396
1751810884526
1751715569791
1751740228941
1751613561270
1751682456612
1751413260419
1751316776972
1751369658565
1751234810572