1751443238939
1751250716310
1751692829890
1751762985248
1751536560051
1751316284080
1751729011068
1751691212566
1751626003623
1751359239003
1751574494107
1751307107710
1751587146845
1751361597190
1751282845739
1751489395102
1751362303589
1751554287098
1751635031221
1751782837277
1751339609306
1751241228672
1751283705173
1751538051390
1751543301658
1751325527511
1751701502230
1751270779255
1751282105751
1751237774970
1751286834284
1751719099736
1751423183840
1751694267065
1751710183227
1751520478493
1751703770297
1751569603847
1751776733327
1751582186425
1751275293043
1751546424640
1751798695369
1751533693827
1751556997119
1751562159366
1751242977636
1751335287423
1751778248254
1751268457766