1751332265822
1751388795810
1751811307442
1751439857771
1751718622859
1751520873188
1751738510749
1751788092041
1751405994278
1751225831097
1751789126641
1751528684868
1751715540477
1751286689744
1751352379590
1751469577322
1751736357839
1751425631294
1751234800413
1751245787668
1751248773864
1751666465834
1751558408452
1751334272175
1751752662370
1751719755125
1751414621636
1751232178432
1751512786709
1751438872571
1751444033915
1751382977133
1751589322436
1751233665330
1751396709119
1751420659732
1751254655818
1751223180468
1751259396316
1751814074800
1751640474629
1751713667086
1751751984308
1751266383323
1751747658123
1751669682587
1751362475691
1751468095730
1751359236629
1751543927665