1751396163826
1751807511502
1751380106378
1751743116993
1751237917132
1751799918993
1751422418237
1751285801027
1751796041331
1751560337740
1751251949223
1751433297222
1751241819193
1751225789979
1751491744636
1751268451897
1751780154356
1751804605845
1751237501527
1751670183596
1751791093009
1751233677258
1751537953255
1751639045715
1751254001687
1751589871273
1751680557676
1751578532572
1751291591021
1751703898823
1751269038874
1751435514067
1751663465645
1751571472304
1751342997664
1751598019971
1751366913474
1751304282427
1751392048609
1751699412564
1751570156780
1751322624947
1751521175579
1751329281307
1751537087121
1751278114608
1751367794867
1751383774240
1751516578539
1751616965289